import { query_pointer_position,input_left_mouse_down,get_game_time, create_rectangle, create_sprite, create_text, query_position, update_color, update_position, update_scale, update_text, update_to_top, set_fps, get_loop_count, enable_debug, debug_log, input_key_down, gameobjects_overlap, update_loop, build_game, create_audio, loop_audio, stop_audio, play_audio } from "arcade_2d";
enable_debug(); // Uncomment this to sedde debug info

const self_mp = [
  [0, 0, 0, 0, 0, 0, 0, 0, 0, 0, 0, 0, 0, 0, 0, 0, 0, 0, 0, 0, 0, 0, 0, 0, 0, 0, 0, 0, 0, 0],
  [0, 0, 0, 0, 0, 0, 0, 0, 0, 0, 0, 0, 0, 0, 0, 0, 0, 0, 0, 0, 0, 0, 0, 0, 0, 0, 0, 0, 0, 0],
  [0, 0, 0, 0, 0, 0, 0, 0, 0, 0, 0, 0, 0, 0, 0, 0, 0, 0, 0, 0, 0, 0, 0, 0, 0, 0, 0, 0, 0, 0],
  [0, 0, 0, 0, 0, 0, 0, 0, 0, 0, 0, 0, 0, 0, 0, 0, 0, 0, 0, 0, 0, 0, 0, 0, 0, 0, 0, 0, 0, 0],
  [0, 0, 0, 0, 0, 0, 0, 0, 0, 0, 0, 0, 0, 0, 0, 0, 0, 0, 0, 0, 0, 0, 0, 0, 0, 0, 0, 0, 0, 0],
  [0, 0, 0, 0, 0, 0, 0, 0, 0, 0, 0, 0, 0, 1, 1, 1, 0, 0, 0, 0, 0, 0, 0, 0, 0, 0, 0, 0, 0, 0],
  [0, 0, 0, 0, 0, 0, 0, 0, 0, 0, 0, 0, 0, 1, 2, 1, 0, 0, 0, 0, 0, 0, 0, 0, 0, 0, 0, 0, 0, 0],
  [0, 0, 0, 0, 0, 0, 0, 0, 0, 0, 0, 0, 0, 1, 2, 1, 0, 0, 0, 0, 0, 0, 0, 0, 0, 0, 0, 0, 0, 0],
  [0, 0, 0, 0, 0, 0, 0, 0, 0, 0, 0, 0, 0, 1, 1, 1, 0, 0, 0, 0, 0, 0, 0, 0, 0, 0, 0, 0, 0, 0],
  [0, 0, 0, 0, 0, 0, 0, 0, 0, 0, 0, 0, 0, 0, 0, 0, 0, 0, 0, 0, 0, 0, 0, 0, 0, 0, 0, 0, 0, 0],
  [0, 0, 0, 0, 0, 0, 0, 0, 0, 0, 0, 0, 0, 0, 0, 0, 0, 0, 0, 0, 0, 0, 0, 0, 0, 0, 0, 0, 0, 0],
  [0, 0, 0, 0, 0, 0, 0, 0, 0, 0, 0, 0, 0, 0, 0, 0, 0, 0, 0, 0, 0, 0, 0, 0, 0, 0, 0, 0, 0, 0],
  [0, 0, 0, 0, 0, 0, 0, 0, 0, 0, 0, 0, 0, 0, 0, 0, 0, 0, 0, 0, 0, 0, 0, 0, 0, 0, 0, 0, 0, 0],
  [0, 0, 0, 0, 0, 0, 0, 0, 0, 0, 0, 0, 0, 0, 0, 0, 0, 0, 0, 0, 0, 0, 0, 0, 0, 0, 0, 0, 0, 0],
  [0, 0, 0, 0, 0, 0, 0, 0, 0, 0, 0, 0, 0, 0, 0, 0, 0, 0, 0, 0, 0, 0, 0, 0, 0, 0, 0, 0, 0, 0],
  [0, 0, 0, 0, 0, 0, 0, 0, 0, 0, 0, 0, 0, 0, 0, 0, 0, 0, 0, 0, 0, 0, 0, 0, 0, 0, 0, 0, 0, 0],
  [0, 0, 0, 0, 0, 0, 0, 0, 0, 0, 0, 0, 0, 0, 0, 0, 0, 0, 0, 0, 0, 0, 0, 0, 0, 0, 0, 0, 0, 0],
  [0, 0, 0, 0, 0, 0, 0, 0, 0, 0, 0, 0, 0, 0, 0, 0, 0, 0, 0, 0, 0, 0, 0, 0, 0, 0, 0, 0, 0, 0],
  [0, 0, 0, 0, 0, 0, 0, 0, 0, 0, 0, 0, 0, 0, 0, 0, 0, 0, 0, 0, 0, 0, 0, 0, 0, 0, 0, 0, 0, 0],
  [0, 0, 0, 0, 0, 0, 0, 0, 0, 0, 0, 0, 0, 0, 0, 0, 0, 0, 0, 0, 0, 0, 0, 0, 0, 0, 0, 0, 0, 0],
  [0, 0, 0, 0, 0, 0, 0, 0, 0, 0, 0, 0, 0, 0, 0, 0, 0, 0, 0, 0, 0, 0, 0, 0, 0, 0, 0, 0, 0, 0],
  [0, 0, 0, 0, 0, 0, 0, 0, 0, 0, 0, 0, 0, 0, 0, 0, 0, 0, 0, 0, 0, 0, 0, 0, 0, 0, 0, 0, 0, 0],
  [0, 0, 0, 0, 0, 0, 0, 0, 0, 0, 0, 0, 0, 0, 0, 0, 0, 0, 0, 0, 0, 0, 0, 0, 0, 0, 0, 0, 0, 0],
  [0, 0, 0, 0, 0, 0, 0, 0, 0, 0, 0, 0, 0, 0, 0, 0, 0, 0, 0, 0, 0, 0, 0, 0, 0, 0, 0, 0, 0, 0],
  [0, 0, 0, 0, 0, 0, 0, 0, 0, 0, 0, 0, 0, 0, 0, 0, 0, 0, 0, 0, 0, 0, 0, 0, 0, 0, 0, 0, 0, 0],
  [0, 0, 0, 0, 0, 0, 0, 0, 0, 0, 0, 0, 0, 0, 0, 0, 0, 0, 0, 0, 0, 0, 0, 0, 0, 0, 0, 0, 0, 0],
  [0, 0, 0, 0, 0, 0, 0, 0, 0, 0, 0, 0, 0, 0, 0, 0, 0, 0, 0, 0, 0, 0, 0, 0, 0, 0, 0, 0, 0, 0],
  [0, 0, 0, 0, 0, 0, 0, 0, 0, 0, 0, 0, 0, 0, 0, 0, 0, 0, 0, 0, 0, 0, 0, 0, 0, 0, 0, 0, 0, 0],
  [0, 0, 0, 0, 0, 0, 0, 0, 0, 0, 0, 0, 0, 0, 0, 0, 0, 0, 0, 0, 0, 0, 0, 0, 0, 0, 0, 0, 0, 0],
  [0, 0, 0, 0, 0, 0, 0, 0, 0, 0, 0, 0, 0, 0, 0, 0, 0, 0, 0, 0, 0, 0, 0, 0, 0, 0, 0, 0, 0, 0]
];
const self_obj = [
  [0, 0, 0, 0, 0, 0, 0, 0, 0, 0, 0, 0, 0, 0, 0, 0, 0, 0, 0, 0, 0, 0, 0, 0, 0, 0, 0, 0, 0, 0],
  [0, 0, 0, 0, 0, 0, 0, 0, 0, 0, 0, 0, 0, 0, 0, 0, 0, 0, 0, 0, 0, 0, 0, 0, 0, 0, 0, 0, 0, 0],
  [0, 0, 0, 0, 0, 0, 0, 0, 0, 0, 0, 0, 0, 0, 0, 0, 0, 0, 0, 0, 0, 0, 0, 0, 0, 0, 0, 0, 0, 0],
  [0, 0, 0, 0, 0, 0, 0, 0, 0, 0, 0, 0, 0, 0, 0, 0, 0, 0, 0, 0, 0, 0, 0, 0, 0, 0, 0, 0, 0, 0],
  [0, 0, 0, 0, 0, 0, 0, 0, 0, 0, 0, 0, 0, 0, 0, 0, 0, 0, 0, 0, 0, 0, 0, 0, 0, 0, 0, 0, 0, 0],
  [0, 0, 0, 0, 0, 0, 0, 0, 0, 0, 0, 0, 0, 0, 0, 0, 0, 0, 0, 0, 0, 0, 0, 0, 0, 0, 0, 0, 0, 0],
  [0, 0, 0, 0, 0, 0, 0, 0, 0, 0, 0, 0, 0, 0, 0, 0, 0, 0, 0, 0, 0, 0, 0, 0, 0, 0, 0, 0, 0, 0],
  [0, 0, 0, 0, 0, 0, 0, 0, 0, 0, 0, 0, 0, 0, 2, 0, 0, 0, 0, 0, 0, 0, 0, 0, 0, 0, 0, 0, 0, 0],
  [0, 0, 0, 0, 0, 0, 0, 0, 0, 0, 0, 0, 0, 0, 0, 0, 0, 0, 0, 0, 0, 0, 0, 0, 0, 0, 0, 0, 0, 0],
  [0, 0, 0, 0, 0, 0, 0, 0, 0, 0, 0, 0, 0, 0, 0, 0, 0, 0, 0, 0, 0, 0, 0, 0, 0, 0, 0, 0, 0, 0],
  [0, 0, 0, 0, 0, 0, 0, 0, 0, 0, 0, 0, 0, 0, 0, 0, 0, 0, 0, 0, 0, 0, 0, 0, 0, 0, 0, 0, 0, 0],
  [0, 0, 0, 0, 0, 0, 0, 0, 0, 0, 0, 0, 0, 0, 0, 0, 0, 0, 0, 0, 0, 0, 0, 0, 0, 0, 0, 0, 0, 0],
  [0, 0, 0, 0, 0, 0, 0, 0, 0, 0, 0, 0, 0, 0, 0, 0, 0, 0, 0, 0, 0, 0, 0, 0, 0, 0, 0, 0, 0, 0],
  [0, 0, 0, 0, 0, 0, 0, 0, 0, 0, 0, 0, 0, 0, 0, 0, 0, 0, 0, 0, 0, 0, 0, 0, 0, 0, 0, 0, 0, 0],
  [0, 0, 0, 0, 0, 0, 0, 0, 0, 0, 0, 0, 0, 0, 0, 0, 0, 0, 0, 0, 0, 0, 0, 0, 0, 0, 0, 0, 0, 0],
  [0, 0, 0, 0, 0, 0, 0, 0, 0, 0, 0, 0, 0, 0, 0, 0, 0, 0, 0, 0, 0, 0, 0, 0, 0, 0, 0, 0, 0, 0],
  [0, 0, 0, 0, 0, 0, 0, 0, 0, 0, 0, 0, 0, 0, 0, 0, 0, 0, 0, 0, 0, 0, 0, 0, 0, 0, 0, 0, 0, 0],
  [0, 0, 0, 0, 0, 0, 0, 0, 0, 0, 0, 0, 0, 0, 0, 0, 0, 0, 0, 0, 0, 0, 0, 0, 0, 0, 0, 0, 0, 0],
  [0, 0, 0, 0, 0, 0, 0, 0, 0, 0, 0, 0, 0, 0, 0, 0, 0, 0, 0, 0, 0, 0, 0, 0, 0, 0, 0, 0, 0, 0],
  [0, 0, 0, 0, 0, 0, 0, 0, 0, 0, 0, 0, 0, 0, 0, 0, 0, 0, 0, 0, 0, 0, 0, 0, 0, 0, 0, 0, 0, 0],
  [0, 0, 0, 0, 0, 0, 0, 0, 0, 0, 0, 0, 0, 0, 0, 0, 0, 0, 0, 0, 0, 0, 0, 0, 0, 0, 0, 0, 0, 0],
  [0, 0, 0, 0, 0, 0, 0, 0, 0, 0, 0, 0, 0, 0, 0, 0, 0, 0, 0, 0, 0, 0, 0, 0, 0, 0, 0, 0, 0, 0],
  [0, 0, 0, 0, 0, 0, 0, 0, 0, 0, 0, 0, 0, 0, 0, 0, 0, 0, 0, 0, 0, 0, 0, 0, 0, 0, 0, 0, 0, 0],
  [0, 0, 0, 0, 0, 0, 0, 0, 0, 0, 0, 0, 0, 0, 0, 0, 0, 0, 0, 0, 0, 0, 0, 0, 0, 0, 0, 0, 0, 0],
  [0, 0, 0, 0, 0, 0, 0, 0, 0, 0, 0, 0, 0, 0, 0, 0, 0, 0, 0, 0, 0, 0, 0, 0, 0, 0, 0, 0, 0, 0],
  [0, 0, 0, 0, 0, 0, 0, 0, 0, 0, 0, 0, 0, 0, 0, 0, 0, 0, 0, 0, 0, 0, 0, 0, 0, 0, 0, 0, 0, 0],
  [0, 0, 0, 0, 0, 0, 0, 0, 0, 0, 0, 0, 0, 0, 0, 0, 0, 0, 0, 0, 0, 0, 0, 0, 0, 0, 0, 0, 0, 0],
  [0, 0, 0, 0, 0, 0, 0, 0, 0, 0, 0, 0, 0, 0, 0, 0, 0, 0, 0, 0, 0, 0, 0, 0, 0, 0, 0, 0, 0, 0],
  [0, 0, 0, 0, 0, 0, 0, 0, 0, 0, 0, 0, 0, 0, 0, 0, 0, 0, 0, 0, 0, 0, 0, 0, 0, 0, 0, 0, 0, 0],
  [0, 0, 0, 0, 0, 0, 0, 0, 0, 0, 0, 0, 0, 0, 0, 0, 0, 0, 0, 0, 0, 0, 0, 0, 0, 0, 0, 0, 0, 0]
];

// Constants
set_fps(15);

const size = 600;
const unit = 20;
const grid = size / unit;
const background = update_position(create_sprite("https://labs.phaser.io/assets/games/germs/background.png"),[-1000,-1000]);

// const bg = create_sprite("https://raw.githubusercontent.com/1358id/SICP/refs/heads/main/img/bg.png");
// const title = create_text("SliderCraft: Inertia");
// const txt = create_text("Start");
// const box = create_sprite("https://raw.githubusercontent.com/1358id/SICP/refs/heads/main/img/box1.png");
// const intro = create_text("AboutGame");
// const intro_bg = create_sprite("https://raw.githubusercontent.com/1358id/SICP/refs/heads/main/img/intro_bg.png");
// const back_menu = create_text("Back");
// game objects
// const home  = create_sprite("https://raw.githubusercontent.com/1358id/SICP/refs/heads/main/img/home.png");
// const help  = create_sprite("https://raw.githubusercontent.com/1358id/SICP/refs/heads/main/img/help.png");

// Create Sprite Gameobjects
// update_scale(create_sprite("https://labs.phaser.io/assets/games/germs/background.png"), [4,4]); // Background
// const food = create_sprite("https://labs.phaser.io/assets/sprites/tomato.png");
const player = update_position(create_sprite("https://labs.phaser.io/assets/sprites/tomato.png"),[-unit,-unit]);
// const _1 = create_sprite("https://raw.githubusercontent.com/1358id/SICP/refs/heads/main/img/1.png");
// const _2 = create_sprite("https://raw.githubusercontent.com/1358id/SICP/refs/heads/main/img/2.png");

// const portals = [[create_sprite("https://raw.githubusercontent.com/1358id/SICP/refs/heads/main/img/1.png"), create_sprite("https://raw.githubusercontent.com/1358id/SICP/refs/heads/main/img/1.png")]
//                 ,[create_sprite("https://raw.githubusercontent.com/1358id/SICP/refs/heads/main/img/2.png"), create_sprite("https://raw.githubusercontent.com/1358id/SICP/refs/heads/main/img/2.png")]];
const home  = update_position(create_sprite("https://raw.githubusercontent.com/1358id/SICP/refs/heads/main/img/home.png"),[-2*size,-2*size]);
const help  = update_position(create_sprite("https://raw.githubusercontent.com/1358id/SICP/refs/heads/main/img/help.png"),[-2*size,-2*size]);
const retry = update_position(create_sprite("https://raw.githubusercontent.com/1358id/SICP/refs/heads/main/img/reset.png"),[-2*size,-2*size]);

// for (let i = 0; i < 1000; i = i + 1) {
//   snake[i] = update_color(update_position(create_rectangle(unit, unit), [-unit / 2, -unit / 2]),
//       [127 + 128 * math_sin(i / 20), 127 + 128 * math_sin(i / 50), 127 + 128 * math_sin(i / 30), 255]); // Store offscreen
// }
// const snake_head = update_color(update_position(create_rectangle(unit * 0.9, unit * 0.9), [-unit / 2, -unit / 2]), [0, 0, 0 ,0]); // Head

let move_dir = [0, 0];

// Other functions
const add_vec = (v1, v2) => [v1[0] + v2[0], v1[1] + v2[1]];
const bound_vec = v => [(v[0] + size) % size, (v[1] + size) % size];

let turn_key = false;
let turn_key_flg = false;
function input() {

   if (input_key_down("w")) {
	if(turn_key) {
		move_dir = [1, 0];
	}
	else {
       move_dir = [-1, 0];
	}
       play_audio(move);
   } else if (input_key_down("a")) {
	if(turn_key) {
		move_dir = [0, 1];
	}
	else {
       move_dir = [0, -1];
	}
       play_audio(move);
   } else if (input_key_down("s")) {
	if(turn_key) {
		move_dir = [-1, 0];
	}
	else {
       move_dir = [1, 0];
	}
       play_audio(move);
   } else if (input_key_down("d")) {
       if(turn_key) {
		move_dir = [0, -1];
	}
	else {
       move_dir = [0, 1];
	}
       play_audio(move);
   }
}
let alive = true;

// Create Text Gameobjects
// const score = update_position(create_text("Score: "), [size - 60, 20]);
// const game_text = update_color(update_scale(update_position(create_text(""), [size / 2, size / 2]), [2, 2]), [0, 0, 0, 255]);
const win = update_position(create_text("you win!"),[-100,-100]);
// const retry = update_position(create_text("Press R to retry"),[-100,-100]);

// Audio
const eat = create_audio("https://labs.phaser.io/assets/audio/SoundEffects/key.wav", 1);
const lose = create_audio("https://labs.phaser.io/assets/audio/stacker/gamelost.m4a", 1);
const move = create_audio("https://labs.phaser.io/assets/audio/SoundEffects/alien_death1.wav", 1);
const bg_audio = play_audio(loop_audio(create_audio("https://labs.phaser.io/assets/audio/tech/bass.mp3", 0.5)));

// Create Update loop


const map = [];
const map_filled = [];
const map_unfilled = [];
const mapobj = [];
const map_craked = [];
for (let i = 0; i < grid; i = i + 1) {
    map[i] = [];
    map_filled[i] = [];
	map_craked[i] = [];
	map_unfilled[i] = [];
    for (let j = 0; j < grid; j = j + 1) { 
		map_craked[i][j] = false;
        map[i][j] = update_position(create_sprite("https://raw.githubusercontent.com/1358id/SICP/refs/heads/main/img/black.png"), [-2*unit, -2*unit]); 
        map_unfilled[i][j] = update_position(create_sprite("https://raw.githubusercontent.com/1358id/SICP/refs/heads/main/img/grey.png"), [-2*unit, -2*unit]); 
        map_filled[i][j] = update_position(create_sprite("https://raw.githubusercontent.com/1358id/SICP/refs/heads/main/img/white_20x20.png"), [-unit*2, -unit*2]); 
    }
}

const mp_all = [
    [],
[
  [0, 0, 0, 0, 0, 0, 0, 0, 0, 0, 0, 0, 0, 0, 0, 0, 0, 0, 0, 0, 0, 0, 0, 0, 0, 0, 0, 0, 0, 0],
  [0, 0, 0, 0, 0, 0, 0, 0, 0, 0, 0, 0, 0, 0, 0, 0, 0, 0, 0, 0, 0, 0, 0, 0, 0, 0, 0, 0, 0, 0],
  [0, 0, 0, 0, 0, 0, 0, 0, 0, 0, 0, 0, 0, 0, 0, 0, 0, 0, 0, 0, 0, 0, 0, 0, 0, 0, 0, 0, 0, 0],
  [0, 0, 0, 0, 0, 0, 0, 0, 0, 0, 0, 0, 0, 0, 0, 0, 0, 0, 0, 0, 0, 0, 0, 0, 0, 0, 0, 0, 0, 0],
  [0, 0, 0, 0, 0, 0, 0, 0, 0, 0, 0, 0, 0, 0, 0, 0, 0, 0, 0, 0, 0, 0, 0, 0, 0, 0, 0, 0, 0, 0],
  [0, 0, 0, 0, 0, 0, 0, 0, 0, 0, 0, 0, 0, 0, 0, 0, 0, 0, 0, 0, 0, 0, 0, 0, 0, 0, 0, 0, 0, 0],
  [0, 0, 0, 0, 0, 0, 0, 0, 0, 0, 0, 0, 0, 0, 0, 0, 0, 0, 0, 0, 0, 0, 0, 0, 0, 0, 0, 0, 0, 0],
  [0, 0, 0, 0, 0, 0, 0, 0, 0, 0, 0, 0, 0, 0, 0, 0, 0, 0, 0, 0, 0, 0, 0, 0, 0, 0, 0, 0, 0, 0],
  [0, 0, 0, 0, 0, 0, 0, 0, 0, 0, 0, 0, 0, 0, 0, 0, 0, 0, 0, 0, 0, 0, 0, 0, 0, 0, 0, 0, 0, 0],
  [0, 0, 0, 0, 0, 0, 0, 0, 0, 0, 0, 0, 0, 0, 0, 0, 0, 0, 0, 0, 0, 0, 0, 0, 0, 0, 0, 0, 0, 0],
  [0, 0, 0, 0, 0, 0, 0, 0, 0, 0, 1, 1, 1, 1, 1, 1, 1, 0, 0, 0, 0, 0, 0, 0, 0, 0, 0, 0, 0, 0],
  [0, 0, 0, 0, 0, 0, 0, 0, 0, 0, 1, 2, 2, 2, 2, 2, 1, 0, 0, 0, 0, 0, 0, 0, 0, 0, 0, 0, 0, 0],
  [0, 0, 0, 0, 0, 0, 0, 0, 0, 0, 1, 1, 1, 1, 1, 1, 1, 0, 0, 0, 0, 0, 0, 0, 0, 0, 0, 0, 0, 0],
  [0, 0, 0, 0, 0, 0, 0, 0, 0, 0, 0, 0, 0, 0, 0, 0, 0, 0, 0, 0, 0, 0, 0, 0, 0, 0, 0, 0, 0, 0],
  [0, 0, 0, 0, 0, 0, 0, 0, 0, 0, 0, 0, 0, 0, 0, 0, 0, 0, 0, 0, 0, 0, 0, 0, 0, 0, 0, 0, 0, 0],
  [0, 0, 0, 0, 0, 0, 0, 0, 0, 0, 0, 0, 0, 0, 0, 0, 0, 0, 0, 0, 0, 0, 0, 0, 0, 0, 0, 0, 0, 0],
  [0, 0, 0, 0, 0, 0, 0, 0, 0, 0, 0, 0, 0, 0, 0, 0, 0, 0, 0, 0, 0, 0, 0, 0, 0, 0, 0, 0, 0, 0],
  [0, 0, 0, 0, 0, 0, 0, 0, 0, 0, 0, 0, 0, 0, 0, 0, 0, 0, 0, 0, 0, 0, 0, 0, 0, 0, 0, 0, 0, 0],
  [0, 0, 0, 0, 0, 0, 0, 0, 0, 0, 0, 0, 0, 0, 0, 0, 0, 0, 0, 0, 0, 0, 0, 0, 0, 0, 0, 0, 0, 0],
  [0, 0, 0, 0, 0, 0, 0, 0, 0, 0, 0, 0, 0, 0, 0, 0, 0, 0, 0, 0, 0, 0, 0, 0, 0, 0, 0, 0, 0, 0],
  [0, 0, 0, 0, 0, 0, 0, 0, 0, 0, 0, 0, 0, 0, 0, 0, 0, 0, 0, 0, 0, 0, 0, 0, 0, 0, 0, 0, 0, 0],
  [0, 0, 0, 0, 0, 0, 0, 0, 0, 0, 0, 0, 0, 0, 0, 0, 0, 0, 0, 0, 0, 0, 0, 0, 0, 0, 0, 0, 0, 0],
  [0, 0, 0, 0, 0, 0, 0, 0, 0, 0, 0, 0, 0, 0, 0, 0, 0, 0, 0, 0, 0, 0, 0, 0, 0, 0, 0, 0, 0, 0],
  [0, 0, 0, 0, 0, 0, 0, 0, 0, 0, 0, 0, 0, 0, 0, 0, 0, 0, 0, 0, 0, 0, 0, 0, 0, 0, 0, 0, 0, 0],
  [0, 0, 0, 0, 0, 0, 0, 0, 0, 0, 0, 0, 0, 0, 0, 0, 0, 0, 0, 0, 0, 0, 0, 0, 0, 0, 0, 0, 0, 0],
  [0, 0, 0, 0, 0, 0, 0, 0, 0, 0, 0, 0, 0, 0, 0, 0, 0, 0, 0, 0, 0, 0, 0, 0, 0, 0, 0, 0, 0, 0],
  [0, 0, 0, 0, 0, 0, 0, 0, 0, 0, 0, 0, 0, 0, 0, 0, 0, 0, 0, 0, 0, 0, 0, 0, 0, 0, 0, 0, 0, 0],
  [0, 0, 0, 0, 0, 0, 0, 0, 0, 0, 0, 0, 0, 0, 0, 0, 0, 0, 0, 0, 0, 0, 0, 0, 0, 0, 0, 0, 0, 0],
  [0, 0, 0, 0, 0, 0, 0, 0, 0, 0, 0, 0, 0, 0, 0, 0, 0, 0, 0, 0, 0, 0, 0, 0, 0, 0, 0, 0, 0, 0],
  [0, 0, 0, 0, 0, 0, 0, 0, 0, 0, 0, 0, 0, 0, 0, 0, 0, 0, 0, 0, 0, 0, 0, 0, 0, 0, 0, 0, 0, 0]
],
[
  [0, 0, 0, 0, 0, 0, 0, 0, 0, 0, 0, 0, 0, 0, 0, 0, 0, 0, 0, 0, 0, 0, 0, 0, 0, 0, 0, 0, 0, 0],
  [0, 0, 0, 0, 0, 0, 0, 0, 0, 0, 0, 0, 0, 0, 0, 0, 0, 0, 0, 0, 0, 0, 0, 0, 0, 0, 0, 0, 0, 0],
  [0, 0, 0, 0, 0, 0, 0, 0, 0, 0, 0, 0, 0, 0, 0, 0, 0, 0, 0, 0, 0, 0, 0, 0, 0, 0, 0, 0, 0, 0],
  [0, 0, 0, 0, 0, 0, 0, 0, 0, 0, 0, 0, 0, 0, 0, 0, 0, 0, 0, 0, 0, 0, 0, 0, 0, 0, 0, 0, 0, 0],
  [0, 0, 0, 0, 0, 0, 0, 0, 0, 0, 0, 0, 0, 0, 0, 0, 0, 0, 0, 0, 0, 0, 0, 0, 0, 0, 0, 0, 0, 0],
  [0, 0, 0, 0, 0, 0, 0, 0, 0, 0, 0, 0, 0, 0, 0, 0, 0, 0, 0, 0, 0, 0, 0, 0, 0, 0, 0, 0, 0, 0],
  [0, 0, 0, 0, 0, 0, 0, 0, 0, 0, 0, 0, 0, 0, 0, 0, 0, 0, 0, 0, 0, 0, 0, 0, 0, 0, 0, 0, 0, 0],
  [0, 0, 0, 0, 0, 0, 0, 1, 1, 1, 1, 1, 1, 1, 1, 1, 1, 1, 0, 0, 0, 0, 0, 0, 0, 0, 0, 0, 0, 0],
  [0, 0, 0, 0, 0, 0, 0, 1, 2, 2, 2, 1, 2, 2, 2, 1, 2, 1, 0, 0, 0, 0, 0, 0, 0, 0, 0, 0, 0, 0],
  [0, 0, 0, 0, 0, 0, 0, 1, 2, 2, 2, 1, 1, 2, 2, 1, 2, 1, 0, 0, 0, 0, 0, 0, 0, 0, 0, 0, 0, 0],
  [0, 0, 0, 0, 0, 0, 0, 1, 2, 2, 2, 1, 2, 2, 2, 1, 2, 1, 0, 0, 0, 0, 0, 0, 0, 0, 0, 0, 0, 0],
  [0, 0, 0, 0, 0, 0, 0, 1, 1, 2, 2, 1, 2, 2, 2, 1, 2, 1, 1, 0, 0, 0, 0, 0, 0, 0, 0, 0, 0, 0],
  [0, 0, 0, 0, 0, 0, 0, 1, 2, 2, 1, 1, 2, 2, 2, 1, 2, 1, 1, 0, 0, 0, 0, 0, 0, 0, 0, 0, 0, 0],
  [0, 0, 0, 0, 0, 0, 0, 1, 2, 2, 2, 2, 2, 2, 2, 1, 2, 1, 1, 0, 0, 0, 0, 0, 0, 0, 0, 0, 0, 0],
  [0, 0, 0, 0, 0, 0, 0, 1, 2, 2, 2, 1, 2, 2, 2, 1, 2, 1, 0, 0, 0, 0, 0, 0, 0, 0, 0, 0, 0, 0],
  [0, 0, 0, 0, 0, 0, 0, 1, 1, 1, 1, 1, 1, 1, 2, 1, 2, 1, 0, 0, 0, 0, 0, 0, 0, 0, 0, 0, 0, 0],
  [0, 0, 0, 0, 0, 0, 0, 1, 2, 2, 2, 2, 2, 2, 2, 1, 2, 1, 0, 0, 0, 0, 0, 0, 0, 0, 0, 0, 0, 0],
  [0, 0, 0, 0, 0, 0, 0, 1, 1, 1, 1, 1, 1, 1, 1, 1, 1, 1, 0, 0, 0, 0, 0, 0, 0, 0, 0, 0, 0, 0],
  [0, 0, 0, 0, 0, 0, 0, 0, 0, 0, 0, 0, 0, 0, 0, 0, 0, 0, 0, 0, 0, 0, 0, 0, 0, 0, 0, 0, 0, 0],
  [0, 0, 0, 0, 0, 0, 0, 0, 0, 0, 0, 0, 0, 0, 0, 0, 0, 0, 0, 0, 0, 0, 0, 0, 0, 0, 0, 0, 0, 0],
  [0, 0, 0, 0, 0, 0, 0, 0, 0, 0, 0, 0, 0, 0, 0, 0, 0, 0, 0, 0, 0, 0, 0, 0, 0, 0, 0, 0, 0, 0],
  [0, 0, 0, 0, 0, 0, 0, 0, 0, 0, 0, 0, 0, 0, 0, 0, 0, 0, 0, 0, 0, 0, 0, 0, 0, 0, 0, 0, 0, 0],
  [0, 0, 0, 0, 0, 0, 0, 0, 0, 0, 0, 0, 0, 0, 0, 0, 0, 0, 0, 0, 0, 0, 0, 0, 0, 0, 0, 0, 0, 0],
  [0, 0, 0, 0, 0, 0, 0, 0, 0, 0, 0, 0, 0, 0, 0, 0, 0, 0, 0, 0, 0, 0, 0, 0, 0, 0, 0, 0, 0, 0],
  [0, 0, 0, 0, 0, 0, 0, 0, 0, 0, 0, 0, 0, 0, 0, 0, 0, 0, 0, 0, 0, 0, 0, 0, 0, 0, 0, 0, 0, 0],
  [0, 0, 0, 0, 0, 0, 0, 0, 0, 0, 0, 0, 0, 0, 0, 0, 0, 0, 0, 0, 0, 0, 0, 0, 0, 0, 0, 0, 0, 0],
  [0, 0, 0, 0, 0, 0, 0, 0, 0, 0, 0, 0, 0, 0, 0, 0, 0, 0, 0, 0, 0, 0, 0, 0, 0, 0, 0, 0, 0, 0],
  [0, 0, 0, 0, 0, 0, 0, 0, 0, 0, 0, 0, 0, 0, 0, 0, 0, 0, 0, 0, 0, 0, 0, 0, 0, 0, 0, 0, 0, 0],
  [0, 0, 0, 0, 0, 0, 0, 0, 0, 0, 0, 0, 0, 0, 0, 0, 0, 0, 0, 0, 0, 0, 0, 0, 0, 0, 0, 0, 0, 0],
  [0, 0, 0, 0, 0, 0, 0, 0, 0, 0, 0, 0, 0, 0, 0, 0, 0, 0, 0, 0, 0, 0, 0, 0, 0, 0, 0, 0, 0, 0]
],
[
  [0, 0, 0, 0, 0, 0, 0, 0, 0, 0, 0, 0, 0, 0, 0, 0, 0, 0, 0, 0, 0, 0, 0, 0, 0, 0, 0, 0, 0, 0],
  [0, 0, 0, 0, 0, 0, 0, 0, 0, 0, 0, 0, 0, 1, 1, 1, 1, 1, 1, 1, 0, 0, 0, 0, 0, 0, 0, 0, 0, 0],
  [0, 0, 0, 0, 1, 1, 1, 1, 1, 1, 1, 1, 1, 1, 2, 2, 2, 2, 2, 1, 1, 1, 1, 1, 1, 1, 1, 0, 0, 0],
  [0, 0, 0, 0, 1, 2, 2, 2, 2, 2, 2, 2, 2, 2, 2, 1, 1, 1, 2, 2, 2, 2, 2, 1, 2, 2, 1, 0, 0, 0],
  [0, 0, 0, 0, 1, 2, 1, 1, 1, 1, 1, 1, 1, 1, 1, 1, 2, 2, 1, 1, 1, 1, 2, 1, 2, 2, 1, 0, 0, 0],
  [0, 0, 0, 0, 1, 2, 2, 1, 2, 2, 2, 2, 2, 2, 2, 2, 1, 2, 1, 2, 2, 1, 2, 1, 2, 2, 1, 0, 0, 0],
  [0, 0, 0, 0, 1, 1, 2, 1, 2, 1, 2, 2, 2, 2, 2, 2, 2, 2, 1, 2, 2, 1, 2, 1, 2, 2, 1, 0, 0, 0],
  [0, 0, 0, 0, 1, 2, 2, 1, 1, 1, 1, 1, 1, 1, 1, 2, 2, 1, 1, 1, 2, 1, 2, 1, 2, 2, 1, 0, 0, 0],
  [0, 0, 0, 0, 1, 2, 1, 1, 2, 2, 2, 1, 2, 2, 2, 1, 2, 2, 2, 2, 2, 1, 2, 1, 2, 2, 1, 0, 0, 0],
  [0, 0, 0, 0, 1, 2, 2, 1, 2, 1, 2, 2, 2, 1, 2, 1, 2, 1, 2, 1, 1, 1, 2, 1, 1, 2, 1, 0, 0, 0],
  [0, 0, 0, 0, 1, 1, 2, 1, 2, 1, 1, 1, 1, 1, 1, 1, 2, 1, 2, 2, 2, 1, 2, 2, 1, 2, 1, 0, 0, 0],
  [0, 0, 0, 0, 1, 2, 2, 1, 2, 2, 2, 2, 2, 2, 2, 2, 2, 1, 2, 1, 1, 1, 1, 2, 1, 2, 1, 0, 0, 0],
  [0, 0, 0, 0, 1, 2, 1, 1, 2, 1, 1, 1, 1, 1, 1, 1, 1, 1, 1, 1, 2, 2, 2, 2, 1, 2, 1, 0, 0, 0],
  [0, 0, 0, 0, 1, 2, 2, 2, 2, 2, 2, 2, 2, 2, 1, 2, 2, 2, 2, 1, 1, 1, 2, 2, 1, 2, 1, 0, 0, 0],
  [0, 0, 0, 0, 1, 1, 2, 1, 2, 1, 2, 1, 1, 2, 1, 2, 2, 1, 2, 2, 2, 1, 2, 1, 1, 2, 1, 0, 0, 0],
  [0, 0, 0, 0, 0, 1, 2, 1, 2, 1, 2, 1, 1, 2, 1, 1, 1, 1, 2, 1, 2, 1, 2, 1, 2, 2, 1, 0, 0, 0],
  [0, 0, 0, 0, 0, 1, 2, 2, 2, 1, 2, 2, 2, 2, 2, 2, 2, 2, 2, 2, 2, 1, 2, 2, 2, 1, 1, 0, 0, 0],
  [0, 0, 0, 0, 0, 1, 1, 1, 1, 1, 1, 1, 1, 1, 1, 1, 1, 1, 1, 1, 1, 1, 1, 1, 1, 1, 0, 0, 0, 0],
  [0, 0, 0, 0, 0, 0, 0, 0, 0, 0, 0, 0, 0, 0, 0, 0, 0, 0, 0, 0, 0, 0, 0, 0, 0, 0, 0, 0, 0, 0],
  [0, 0, 0, 0, 0, 0, 0, 0, 0, 0, 0, 0, 0, 0, 0, 0, 0, 0, 0, 0, 0, 0, 0, 0, 0, 0, 0, 0, 0, 0],
  [0, 0, 0, 0, 0, 0, 0, 0, 0, 0, 0, 0, 0, 0, 0, 0, 0, 0, 0, 0, 0, 0, 0, 0, 0, 0, 0, 0, 0, 0],
  [0, 0, 0, 0, 0, 0, 0, 0, 0, 0, 0, 0, 0, 0, 0, 0, 0, 0, 0, 0, 0, 0, 0, 0, 0, 0, 0, 0, 0, 0],
  [0, 0, 0, 0, 0, 0, 0, 0, 0, 0, 0, 0, 0, 0, 0, 0, 0, 0, 0, 0, 0, 0, 0, 0, 0, 0, 0, 0, 0, 0],
  [0, 0, 0, 0, 0, 0, 0, 0, 0, 0, 0, 0, 0, 0, 0, 0, 0, 0, 0, 0, 0, 0, 0, 0, 0, 0, 0, 0, 0, 0],
  [0, 0, 0, 0, 0, 0, 0, 0, 0, 0, 0, 0, 0, 0, 0, 0, 0, 0, 0, 0, 0, 0, 0, 0, 0, 0, 0, 0, 0, 0],
  [0, 0, 0, 0, 0, 0, 0, 0, 0, 0, 0, 0, 0, 0, 0, 0, 0, 0, 0, 0, 0, 0, 0, 0, 0, 0, 0, 0, 0, 0],
  [0, 0, 0, 0, 0, 0, 0, 0, 0, 0, 0, 0, 0, 0, 0, 0, 0, 0, 0, 0, 0, 0, 0, 0, 0, 0, 0, 0, 0, 0],
  [0, 0, 0, 0, 0, 0, 0, 0, 0, 0, 0, 0, 0, 0, 0, 0, 0, 0, 0, 0, 0, 0, 0, 0, 0, 0, 0, 0, 0, 0],
  [0, 0, 0, 0, 0, 0, 0, 0, 0, 0, 0, 0, 0, 0, 0, 0, 0, 0, 0, 0, 0, 0, 0, 0, 0, 0, 0, 0, 0, 0],
  [0, 0, 0, 0, 0, 0, 0, 0, 0, 0, 0, 0, 0, 0, 0, 0, 0, 0, 0, 0, 0, 0, 0, 0, 0, 0, 0, 0, 0, 0]
],
[
  [0, 0, 0, 0, 0, 0, 0, 0, 0, 0, 0, 0, 0, 0, 0, 0, 0, 0, 0, 0, 0, 0, 0, 0, 0, 0, 0, 0, 0, 0],
  [0, 0, 0, 0, 0, 0, 0, 0, 0, 0, 0, 0, 0, 0, 0, 0, 0, 0, 0, 0, 0, 0, 0, 0, 0, 0, 0, 0, 0, 0],
  [0, 0, 0, 1, 1, 1, 1, 1, 1, 1, 1, 1, 1, 1, 1, 1, 1, 1, 1, 1, 0, 0, 0, 0, 0, 0, 0, 0, 0, 0],
  [0, 0, 1, 1, 2, 2, 2, 2, 2, 2, 2, 1, 2, 2, 2, 2, 2, 2, 2, 1, 0, 0, 0, 0, 0, 0, 0, 0, 0, 0],
  [0, 0, 1, 2, 2, 2, 1, 2, 2, 2, 2, 1, 2, 1, 2, 2, 2, 2, 1, 1, 0, 0, 0, 0, 0, 0, 0, 0, 0, 0],
  [0, 0, 1, 2, 2, 2, 2, 1, 2, 2, 2, 1, 2, 2, 2, 2, 2, 2, 2, 1, 0, 0, 0, 0, 0, 0, 0, 0, 0, 0],
  [0, 0, 1, 2, 1, 1, 1, 1, 1, 1, 1, 1, 1, 1, 2, 2, 2, 2, 2, 1, 0, 0, 0, 0, 0, 0, 0, 0, 0, 0],
  [0, 0, 1, 2, 1, 2, 2, 2, 2, 2, 2, 1, 2, 2, 2, 2, 2, 2, 2, 1, 0, 0, 0, 0, 0, 0, 0, 0, 0, 0],
  [0, 0, 1, 2, 2, 2, 2, 2, 2, 2, 2, 1, 2, 2, 2, 2, 2, 2, 2, 1, 0, 0, 0, 0, 0, 0, 0, 0, 0, 0],
  [0, 0, 1, 1, 1, 1, 1, 1, 1, 1, 1, 1, 1, 1, 1, 1, 1, 1, 1, 1, 0, 0, 0, 0, 0, 0, 0, 0, 0, 0],
  [0, 0, 1, 2, 2, 2, 2, 2, 2, 2, 2, 2, 1, 2, 1, 2, 1, 2, 1, 0, 0, 0, 0, 0, 0, 0, 0, 0, 0, 0],
  [0, 0, 1, 2, 2, 2, 2, 2, 2, 2, 2, 2, 1, 2, 1, 2, 1, 2, 1, 0, 0, 0, 0, 0, 0, 0, 0, 0, 0, 0],
  [0, 0, 1, 2, 2, 2, 2, 2, 2, 2, 2, 2, 1, 2, 1, 2, 1, 1, 1, 1, 1, 1, 0, 0, 0, 0, 0, 0, 0, 0],
  [0, 0, 1, 1, 1, 1, 1, 2, 2, 2, 2, 2, 1, 2, 1, 2, 1, 2, 1, 2, 2, 1, 0, 0, 0, 0, 0, 0, 0, 0],
  [0, 0, 1, 2, 2, 2, 1, 2, 2, 2, 2, 2, 1, 2, 1, 1, 1, 2, 1, 1, 1, 1, 0, 0, 0, 0, 0, 0, 0, 0],
  [0, 0, 1, 2, 2, 2, 1, 2, 2, 2, 2, 2, 1, 2, 2, 2, 2, 2, 1, 0, 0, 0, 0, 0, 0, 0, 0, 0, 0, 0],
  [0, 0, 1, 1, 1, 1, 1, 1, 1, 1, 1, 1, 1, 1, 1, 1, 1, 1, 1, 0, 0, 0, 0, 0, 0, 0, 0, 0, 0, 0],
  [0, 0, 0, 0, 0, 0, 0, 0, 0, 0, 0, 0, 0, 0, 0, 0, 0, 0, 0, 0, 0, 0, 0, 0, 0, 0, 0, 0, 0, 0],
  [0, 0, 0, 0, 0, 0, 0, 0, 0, 0, 0, 0, 0, 0, 0, 0, 0, 0, 0, 0, 0, 0, 0, 0, 0, 0, 0, 0, 0, 0],
  [0, 0, 0, 0, 0, 0, 0, 0, 0, 0, 0, 0, 0, 0, 0, 0, 0, 0, 0, 0, 0, 0, 0, 0, 0, 0, 0, 0, 0, 0],
  [0, 0, 0, 0, 0, 0, 0, 0, 0, 0, 0, 0, 0, 0, 0, 0, 0, 0, 0, 0, 0, 0, 0, 0, 0, 0, 0, 0, 0, 0],
  [0, 0, 0, 0, 0, 0, 0, 0, 0, 0, 0, 0, 0, 0, 0, 0, 0, 0, 0, 0, 0, 0, 0, 0, 0, 0, 0, 0, 0, 0],
  [0, 0, 0, 0, 0, 0, 0, 0, 0, 0, 0, 0, 0, 0, 0, 0, 0, 0, 0, 0, 0, 0, 0, 0, 0, 0, 0, 0, 0, 0],
  [0, 0, 0, 0, 0, 0, 0, 0, 0, 0, 0, 0, 0, 0, 0, 0, 0, 0, 0, 0, 0, 0, 0, 0, 0, 0, 0, 0, 0, 0],
  [0, 0, 0, 0, 0, 0, 0, 0, 0, 0, 0, 0, 0, 0, 0, 0, 0, 0, 0, 0, 0, 0, 0, 0, 0, 0, 0, 0, 0, 0],
  [0, 0, 0, 0, 0, 0, 0, 0, 0, 0, 0, 0, 0, 0, 0, 0, 0, 0, 0, 0, 0, 0, 0, 0, 0, 0, 0, 0, 0, 0],
  [0, 0, 0, 0, 0, 0, 0, 0, 0, 0, 0, 0, 0, 0, 0, 0, 0, 0, 0, 0, 0, 0, 0, 0, 0, 0, 0, 0, 0, 0],
  [0, 0, 0, 0, 0, 0, 0, 0, 0, 0, 0, 0, 0, 0, 0, 0, 0, 0, 0, 0, 0, 0, 0, 0, 0, 0, 0, 0, 0, 0],
  [0, 0, 0, 0, 0, 0, 0, 0, 0, 0, 0, 0, 0, 0, 0, 0, 0, 0, 0, 0, 0, 0, 0, 0, 0, 0, 0, 0, 0, 0],
  [0, 0, 0, 0, 0, 0, 0, 0, 0, 0, 0, 0, 0, 0, 0, 0, 0, 0, 0, 0, 0, 0, 0, 0, 0, 0, 0, 0, 0, 0]
]
];
const obj_all = [
    [],
[
  [0, 0, 0, 0, 0, 0, 0, 0, 0, 0, 0, 0, 0, 0, 0, 0, 0, 0, 0, 0, 0, 0, 0, 0, 0, 0, 0, 0, 0, 0],
  [0, 0, 0, 0, 0, 0, 0, 0, 0, 0, 0, 0, 0, 0, 0, 0, 0, 0, 0, 0, 0, 0, 0, 0, 0, 0, 0, 0, 0, 0],
  [0, 0, 0, 0, 0, 0, 0, 0, 0, 0, 0, 0, 0, 0, 0, 0, 0, 0, 0, 0, 0, 0, 0, 0, 0, 0, 0, 0, 0, 0],
  [0, 0, 0, 0, 0, 0, 0, 0, 0, 0, 0, 0, 0, 0, 0, 0, 0, 0, 0, 0, 0, 0, 0, 0, 0, 0, 0, 0, 0, 0],
  [0, 0, 0, 0, 0, 0, 0, 0, 0, 0, 0, 0, 0, 0, 0, 0, 0, 0, 0, 0, 0, 0, 0, 0, 0, 0, 0, 0, 0, 0],
  [0, 0, 0, 0, 0, 0, 0, 0, 0, 0, 0, 0, 0, 0, 0, 0, 0, 0, 0, 0, 0, 0, 0, 0, 0, 0, 0, 0, 0, 0],
  [0, 0, 0, 0, 0, 0, 0, 0, 0, 0, 0, 0, 0, 0, 0, 0, 0, 0, 0, 0, 0, 0, 0, 0, 0, 0, 0, 0, 0, 0],
  [0, 0, 0, 0, 0, 0, 0, 0, 0, 0, 0, 0, 0, 0, 0, 0, 0, 0, 0, 0, 0, 0, 0, 0, 0, 0, 0, 0, 0, 0],
  [0, 0, 0, 0, 0, 0, 0, 0, 0, 0, 0, 0, 0, 0, 0, 0, 0, 0, 0, 0, 0, 0, 0, 0, 0, 0, 0, 0, 0, 0],
  [0, 0, 0, 0, 0, 0, 0, 0, 0, 0, 0, 0, 0, 0, 0, 0, 0, 0, 0, 0, 0, 0, 0, 0, 0, 0, 0, 0, 0, 0],
  [0, 0, 0, 0, 0, 0, 0, 0, 0, 0, 0, 0, 0, 0, 0, 0, 0, 0, 0, 0, 0, 0, 0, 0, 0, 0, 0, 0, 0, 0],
  [0, 0, 0, 0, 0, 0, 0, 0, 0, 0, 0, 2, 0, 5, 0, 0, 0, 0, 0, 0, 0, 0, 0, 0, 0, 0, 0, 0, 0, 0],
  [0, 0, 0, 0, 0, 0, 0, 0, 0, 0, 0, 0, 0, 0, 0, 0, 0, 0, 0, 0, 0, 0, 0, 0, 0, 0, 0, 0, 0, 0],
  [0, 0, 0, 0, 0, 0, 0, 0, 0, 0, 0, 0, 0, 0, 0, 0, 0, 0, 0, 0, 0, 0, 0, 0, 0, 0, 0, 0, 0, 0],
  [0, 0, 0, 0, 0, 0, 0, 0, 0, 0, 0, 0, 0, 0, 0, 0, 0, 0, 0, 0, 0, 0, 0, 0, 0, 0, 0, 0, 0, 0],
  [0, 0, 0, 0, 0, 0, 0, 0, 0, 0, 0, 0, 0, 0, 0, 0, 0, 0, 0, 0, 0, 0, 0, 0, 0, 0, 0, 0, 0, 0],
  [0, 0, 0, 0, 0, 0, 0, 0, 0, 0, 0, 0, 0, 0, 0, 0, 0, 0, 0, 0, 0, 0, 0, 0, 0, 0, 0, 0, 0, 0],
  [0, 0, 0, 0, 0, 0, 0, 0, 0, 0, 0, 0, 0, 0, 0, 0, 0, 0, 0, 0, 0, 0, 0, 0, 0, 0, 0, 0, 0, 0],
  [0, 0, 0, 0, 0, 0, 0, 0, 0, 0, 0, 0, 0, 0, 0, 0, 0, 0, 0, 0, 0, 0, 0, 0, 0, 0, 0, 0, 0, 0],
  [0, 0, 0, 0, 0, 0, 0, 0, 0, 0, 0, 0, 0, 0, 0, 0, 0, 0, 0, 0, 0, 0, 0, 0, 0, 0, 0, 0, 0, 0],
  [0, 0, 0, 0, 0, 0, 0, 0, 0, 0, 0, 0, 0, 0, 0, 0, 0, 0, 0, 0, 0, 0, 0, 0, 0, 0, 0, 0, 0, 0],
  [0, 0, 0, 0, 0, 0, 0, 0, 0, 0, 0, 0, 0, 0, 0, 0, 0, 0, 0, 0, 0, 0, 0, 0, 0, 0, 0, 0, 0, 0],
  [0, 0, 0, 0, 0, 0, 0, 0, 0, 0, 0, 0, 0, 0, 0, 0, 0, 0, 0, 0, 0, 0, 0, 0, 0, 0, 0, 0, 0, 0],
  [0, 0, 0, 0, 0, 0, 0, 0, 0, 0, 0, 0, 0, 0, 0, 0, 0, 0, 0, 0, 0, 0, 0, 0, 0, 0, 0, 0, 0, 0],
  [0, 0, 0, 0, 0, 0, 0, 0, 0, 0, 0, 0, 0, 0, 0, 0, 0, 0, 0, 0, 0, 0, 0, 0, 0, 0, 0, 0, 0, 0],
  [0, 0, 0, 0, 0, 0, 0, 0, 0, 0, 0, 0, 0, 0, 0, 0, 0, 0, 0, 0, 0, 0, 0, 0, 0, 0, 0, 0, 0, 0],
  [0, 0, 0, 0, 0, 0, 0, 0, 0, 0, 0, 0, 0, 0, 0, 0, 0, 0, 0, 0, 0, 0, 0, 0, 0, 0, 0, 0, 0, 0],
  [0, 0, 0, 0, 0, 0, 0, 0, 0, 0, 0, 0, 0, 0, 0, 0, 0, 0, 0, 0, 0, 0, 0, 0, 0, 0, 0, 0, 0, 0],
  [0, 0, 0, 0, 0, 0, 0, 0, 0, 0, 0, 0, 0, 0, 0, 0, 0, 0, 0, 0, 0, 0, 0, 0, 0, 0, 0, 0, 0, 0],
  [0, 0, 0, 0, 0, 0, 0, 0, 0, 0, 0, 0, 0, 0, 0, 0, 0, 0, 0, 0, 0, 0, 0, 0, 0, 0, 0, 0, 0, 0]
],
[
  [0, 0, 0, 0, 0, 0, 0, 0, 0, 0, 0, 0, 0, 0, 0, 0, 0, 0, 0, 0, 0, 0, 0, 0, 0, 0, 0, 0, 0, 0],
  [0, 0, 0, 0, 0, 0, 0, 0, 0, 0, 0, 0, 0, 0, 0, 0, 0, 0, 0, 0, 0, 0, 0, 0, 0, 0, 0, 0, 0, 0],
  [0, 0, 0, 0, 0, 0, 0, 0, 0, 0, 0, 0, 0, 0, 0, 0, 0, 0, 0, 0, 0, 0, 0, 0, 0, 0, 0, 0, 0, 0],
  [0, 0, 0, 0, 0, 0, 0, 0, 0, 0, 0, 0, 0, 0, 0, 0, 0, 0, 0, 0, 0, 0, 0, 0, 0, 0, 0, 0, 0, 0],
  [0, 0, 0, 0, 0, 0, 0, 0, 0, 0, 0, 0, 0, 0, 0, 0, 0, 0, 0, 0, 0, 0, 0, 0, 0, 0, 0, 0, 0, 0],
  [0, 0, 0, 0, 0, 0, 0, 0, 0, 0, 0, 0, 0, 0, 0, 0, 0, 0, 0, 0, 0, 0, 0, 0, 0, 0, 0, 0, 0, 0],
  [0, 0, 0, 0, 0, 0, 0, 0, 0, 0, 0, 0, 0, 0, 0, 0, 0, 0, 0, 0, 0, 0, 0, 0, 0, 0, 0, 0, 0, 0],
  [0, 0, 0, 0, 0, 0, 0, 0, 0, 0, 0, 0, 0, 0, 0, 0, 0, 0, 0, 0, 0, 0, 0, 0, 0, 0, 0, 0, 0, 0],
  [0, 0, 0, 0, 0, 0, 0, 0, 0, 0, 0, 0, 0, 0, 0, 0, 10, 0, 0, 0, 0, 0, 0, 0, 0, 0, 0, 0, 0, 0],
  [0, 0, 0, 0, 0, 0, 0, 0, 0, 0, 0, 0, 0, 0, 0, 0, 0, 0, 0, 0, 0, 0, 0, 0, 0, 0, 0, 0, 0, 0],
  [0, 0, 0, 0, 0, 0, 0, 0, 0, 0, 0, 0, 0, 0, 5, 0, 0, 0, 0, 0, 0, 0, 0, 0, 0, 0, 0, 0, 0, 0],
  [0, 0, 0, 0, 0, 0, 0, 0, 0, 0, 2, 0, 0, 0, 0, 0, 0, 0, 0, 0, 0, 0, 0, 0, 0, 0, 0, 0, 0, 0],
  [0, 0, 0, 0, 0, 0, 0, 0, 0, 0, 0, 0, 0, 0, 0, 0, 21, 0, 0, 0, 0, 0, 0, 0, 0, 0, 0, 0, 0, 0],
  [0, 0, 0, 0, 0, 0, 0, 0, 0, 0, 0, 0, 0, 3, 0, 0, 0, 0, 0, 0, 0, 0, 0, 0, 0, 0, 0, 0, 0, 0],
  [0, 0, 0, 0, 0, 0, 0, 0, 0, 0, 0, 0, 0, 0, 0, 0, 0, 0, 0, 0, 0, 0, 0, 0, 0, 0, 0, 0, 0, 0],
  [0, 0, 0, 0, 0, 0, 0, 0, 0, 0, 0, 0, 0, 0, 5, 0, 0, 0, 0, 0, 0, 0, 0, 0, 0, 0, 0, 0, 0, 0],
  [0, 0, 0, 0, 0, 0, 0, 0, 10, 0, 0, 3, 0, 0, 0, 0, 0, 0, 0, 0, 0, 0, 0, 0, 0, 0, 0, 0, 0, 0],
  [0, 0, 0, 0, 0, 0, 0, 0, 0, 0, 0, 0, 0, 0, 0, 0, 0, 0, 0, 0, 0, 0, 0, 0, 0, 0, 0, 0, 0, 0],
  [0, 0, 0, 0, 0, 0, 0, 0, 0, 0, 0, 0, 0, 0, 0, 0, 0, 0, 0, 0, 0, 0, 0, 0, 0, 0, 0, 0, 0, 0],
  [0, 0, 0, 0, 0, 0, 0, 0, 0, 0, 0, 0, 0, 0, 0, 0, 0, 0, 0, 0, 0, 0, 0, 0, 0, 0, 0, 0, 0, 0],
  [0, 0, 0, 0, 0, 0, 0, 0, 0, 0, 0, 0, 0, 0, 0, 0, 0, 0, 0, 0, 0, 0, 0, 0, 0, 0, 0, 0, 0, 0],
  [0, 0, 0, 0, 0, 0, 0, 0, 0, 0, 0, 0, 0, 0, 0, 0, 0, 0, 0, 0, 0, 0, 0, 0, 0, 0, 0, 0, 0, 0],
  [0, 0, 0, 0, 0, 0, 0, 0, 0, 0, 0, 0, 0, 0, 0, 0, 0, 0, 0, 0, 0, 0, 0, 0, 0, 0, 0, 0, 0, 0],
  [0, 0, 0, 0, 0, 0, 0, 0, 0, 0, 0, 0, 0, 0, 0, 0, 0, 0, 0, 0, 0, 0, 0, 0, 0, 0, 0, 0, 0, 0],
  [0, 0, 0, 0, 0, 0, 0, 0, 0, 0, 0, 0, 0, 0, 0, 0, 0, 0, 0, 0, 0, 0, 0, 0, 0, 0, 0, 0, 0, 0],
  [0, 0, 0, 0, 0, 0, 0, 0, 0, 0, 0, 0, 0, 0, 0, 0, 0, 0, 0, 0, 0, 0, 0, 0, 0, 0, 0, 0, 0, 0],
  [0, 0, 0, 0, 0, 0, 0, 0, 0, 0, 0, 0, 0, 0, 0, 0, 0, 0, 0, 0, 0, 0, 0, 0, 0, 0, 0, 0, 0, 0],
  [0, 0, 0, 0, 0, 0, 0, 0, 0, 0, 0, 0, 0, 0, 0, 0, 0, 0, 0, 0, 0, 0, 0, 0, 0, 0, 0, 0, 0, 0],
  [0, 0, 0, 0, 0, 0, 0, 0, 0, 0, 0, 0, 0, 0, 0, 0, 0, 0, 0, 0, 0, 0, 0, 0, 0, 0, 0, 0, 0, 0],
  [0, 0, 0, 0, 0, 0, 0, 0, 0, 0, 0, 0, 0, 0, 0, 0, 0, 0, 0, 0, 0, 0, 0, 0, 0, 0, 0, 0, 0, 0]
],
[
  [0, 0, 0, 0, 0, 0, 0, 0, 0, 0, 0, 0, 0, 0, 0, 0, 0, 0, 0, 0, 0, 0, 0, 0, 0, 0, 0, 0, 0, 0],
  [0, 0, 0, 0, 0, 0, 0, 0, 0, 0, 0, 0, 0, 0, 0, 0, 0, 0, 0, 0, 0, 0, 0, 0, 0, 0, 0, 0, 0, 0],
  [0, 0, 0, 0, 0, 0, 0, 0, 0, 0, 0, 0, 0, 0, 0, 0, 0, 0, 0, 0, 0, 0, 0, 0, 0, 0, 0, 0, 0, 0],
  [0, 0, 0, 0, 0, 0, 0, 0, 0, 0, 0, 0, 0, 0, 0, 0, 0, 0, 0, 0, 0, 0, 0, 0, 0, 0, 0, 0, 0, 0],
  [0, 0, 0, 0, 0, 0, 0, 0, 0, 0, 0, 0, 0, 0, 0, 0, 0, 0, 0, 0, 0, 0, 0, 0, 0, 0, 0, 0, 0, 0],
  [0, 0, 0, 0, 0, 0, 0, 0, 0, 0, 0, 0, 0, 0, 0, 0, 0, 0, 0, 0, 0, 0, 0, 0, 0, 0, 0, 0, 0, 0],
  [0, 0, 0, 0, 0, 0, 0, 0, 0, 0, 0, 0, 0, 0, 0, 0, 0, 0, 0, 0, 0, 0, 0, 0, 0, 0, 0, 0, 0, 0],
  [0, 0, 0, 0, 0, 0, 0, 0, 0, 0, 0, 0, 0, 0, 0, 0, 0, 0, 0, 0, 0, 0, 0, 0, 0, 0, 0, 0, 0, 0],
  [0, 0, 0, 0, 0, 0, 0, 0, 0, 0, 0, 0, 0, 0, 0, 0, 0, 0, 0, 0, 0, 0, 0, 0, 0, 0, 0, 0, 0, 0],
  [0, 0, 0, 0, 0, 0, 0, 0, 0, 0, 0, 0, 0, 0, 0, 0, 0, 0, 0, 0, 0, 0, 0, 0, 0, 0, 0, 0, 0, 0],
  [0, 0, 0, 0, 0, 0, 0, 0, 0, 0, 0, 0, 0, 0, 0, 0, 0, 0, 0, 0, 2, 0, 0, 0, 0, 0, 0, 0, 0, 0],
  [0, 0, 0, 0, 0, 0, 0, 0, 0, 0, 0, 0, 0, 0, 0, 0, 0, 0, 0, 0, 0, 0, 0, 0, 0, 0, 0, 0, 0, 0],
  [0, 0, 0, 0, 0, 0, 0, 0, 0, 0, 0, 0, 0, 0, 0, 0, 0, 0, 0, 0, 0, 8, 0, 0, 0, 0, 0, 0, 0, 0],
  [0, 0, 0, 0, 0, 0, 0, 0, 0, 0, 0, 0, 0, 0, 0, 0, 0, 0, 0, 0, 0, 0, 0, 0, 0, 0, 0, 0, 0, 0],
  [0, 0, 0, 0, 0, 0, 0, 0, 0, 0, 0, 0, 0, 0, 0, 0, 0, 0, 0, 0, 0, 0, 0, 0, 0, 0, 0, 0, 0, 0],
  [0, 0, 0, 0, 0, 0, 0, 0, 0, 0, 0, 0, 0, 0, 0, 0, 0, 0, 0, 0, 0, 0, 0, 0, 0, 0, 0, 0, 0, 0],
  [0, 0, 0, 0, 0, 0, 0, 0, 0, 0, 0, 0, 0, 0, 0, 0, 0, 0, 0, 0, 0, 0, 0, 0, 0, 0, 0, 0, 0, 0],
  [0, 0, 0, 0, 0, 0, 0, 0, 0, 0, 0, 0, 0, 0, 0, 0, 0, 0, 0, 0, 0, 0, 0, 0, 0, 0, 0, 0, 0, 0],
  [0, 0, 0, 0, 0, 0, 0, 0, 0, 0, 0, 0, 0, 0, 0, 0, 0, 0, 0, 0, 0, 0, 0, 0, 0, 0, 0, 0, 0, 0],
  [0, 0, 0, 0, 0, 0, 0, 0, 0, 0, 0, 0, 0, 0, 0, 0, 0, 0, 0, 0, 0, 0, 0, 0, 0, 0, 0, 0, 0, 0],
  [0, 0, 0, 0, 0, 0, 0, 0, 0, 0, 0, 0, 0, 0, 0, 0, 0, 0, 0, 0, 0, 0, 0, 0, 0, 0, 0, 0, 0, 0],
  [0, 0, 0, 0, 0, 0, 0, 0, 0, 0, 0, 0, 0, 0, 0, 0, 0, 0, 0, 0, 0, 0, 0, 0, 0, 0, 0, 0, 0, 0],
  [0, 0, 0, 0, 0, 0, 0, 0, 0, 0, 0, 0, 0, 0, 0, 0, 0, 0, 0, 0, 0, 0, 0, 0, 0, 0, 0, 0, 0, 0],
  [0, 0, 0, 0, 0, 0, 0, 0, 0, 0, 0, 0, 0, 0, 0, 0, 0, 0, 0, 0, 0, 0, 0, 0, 0, 0, 0, 0, 0, 0],
  [0, 0, 0, 0, 0, 0, 0, 0, 0, 0, 0, 0, 0, 0, 0, 0, 0, 0, 0, 0, 0, 0, 0, 0, 0, 0, 0, 0, 0, 0],
  [0, 0, 0, 0, 0, 0, 0, 0, 0, 0, 0, 0, 0, 0, 0, 0, 0, 0, 0, 0, 0, 0, 0, 0, 0, 0, 0, 0, 0, 0],
  [0, 0, 0, 0, 0, 0, 0, 0, 0, 0, 0, 0, 0, 0, 0, 0, 0, 0, 0, 0, 0, 0, 0, 0, 0, 0, 0, 0, 0, 0],
  [0, 0, 0, 0, 0, 0, 0, 0, 0, 0, 0, 0, 0, 0, 0, 0, 0, 0, 0, 0, 0, 0, 0, 0, 0, 0, 0, 0, 0, 0],
  [0, 0, 0, 0, 0, 0, 0, 0, 0, 0, 0, 0, 0, 0, 0, 0, 0, 0, 0, 0, 0, 0, 0, 0, 0, 0, 0, 0, 0, 0],
  [0, 0, 0, 0, 0, 0, 0, 0, 0, 0, 0, 0, 0, 0, 0, 0, 0, 0, 0, 0, 0, 0, 0, 0, 0, 0, 0, 0, 0, 0]
],
[
  [0, 0, 0, 0, 0, 0, 0, 0, 0, 0, 0, 0, 0, 0, 0, 0, 0, 0, 0, 0, 0, 0, 0, 0, 0, 0, 0, 0, 0, 0],
  [0, 0, 0, 0, 0, 0, 0, 0, 0, 0, 0, 0, 0, 0, 0, 0, 0, 0, 0, 0, 0, 0, 0, 0, 0, 0, 0, 0, 0, 0],
  [0, 0, 0, 0, 0, 0, 0, 0, 0, 0, 0, 0, 0, 0, 0, 0, 0, 0, 0, 0, 0, 0, 0, 0, 0, 0, 0, 0, 0, 0],
  [0, 0, 0, 0, 0, 0, 0, 0, 0, 0, 0, 0, 12, 0, 0, 3, 3, 0, 0, 0, 0, 0, 0, 0, 0, 0, 0, 0, 0, 0],
  [0, 0, 0, 2, 0, 0, 0, 11, 0, 10, 0, 0, 0, 0, 0, 0, 0, 4, 0, 0, 0, 0, 0, 0, 0, 0, 0, 0, 0, 0],
  [0, 0, 0, 0, 0, 0, 0, 0, -1, 0, 0, 0, 0, 0, 0, 0, 4, 0, 0, 0, 0, 0, 0, 0, 0, 0, 0, 0, 0, 0],
  [0, 0, 0, 0, 0, 0, 0, 0, 0, 0, 0, 0, 0, 0, 0, 4, 0, 0, 0, 0, 0, 0, 0, 0, 0, 0, 0, 0, 0, 0],
  [0, 0, 0, 0, 0, 10, 0, 0, 0, 0, 0, 0, 0, 13, 4, 0, 0, 0, 0, 0, 0, 0, 0, 0, 0, 0, 0, 0, 0, 0],
  [0, 0, 0, 0, 0, 0, 0, 0, 0, 0, 0, 0, 0, 0, 0, 0, 0, 0, 0, 0, 0, 0, 0, 0, 0, 0, 0, 0, 0, 0],
  [0, 0, 0, 0, 0, 0, 0, 0, 0, 0, 0, 0, 0, 0, 0, 0, 0, 0, 0, 0, 0, 0, 0, 0, 0, 0, 0, 0, 0, 0],
  [0, 0, 0, 7, 0, 0, 0, 0, 0, 0, 0, 8, 0, 13, 0, 0, 0, 0, 0, 0, 0, 0, 0, 0, 0, 0, 0, 0, 0, 0],
  [0, 0, 0, 9, 0, 0, 0, 0, 0, 0, 7, 0, 0, 0, 0, 0, 0, 0, 0, 0, 0, 0, 0, 0, 0, 0, 0, 0, 0, 0],
  [0, 0, 0, 14, 0, 0, 0, 0, 0, 0, 0, 6, 0, 0, 0, 0, 0, 0, 0, 0, 0, 0, 0, 0, 0, 0, 0, 0, 0, 0],
  [0, 0, 0, 0, 0, 0, 0, 7, 3, 0, 0, 8, 0, 0, 0, 0, 0, 21, 0, 5, 14, 0, 0, 0, 0, 0, 0, 0, 0, 0],
  [0, 0, 0, 0, 0, 12, 0, 0, 0, 0, 0, 0, 0, 0, 0, 0, 0, 0, 0, 0, 0, 0, 0, 0, 0, 0, 0, 0, 0, 0],
  [0, 0, 0, 11, 0, 0, 0, 9, 0, 5, 9, 6, 0, 0, 0, 0, 0, 0, 0, 0, 0, 0, 0, 0, 0, 0, 0, 0, 0, 0],
  [0, 0, 0, 0, 0, 0, 0, 0, 0, 0, 0, 0, 0, 0, 0, 0, 0, 0, 0, 0, 0, 0, 0, 0, 0, 0, 0, 0, 0, 0],
  [0, 0, 0, 0, 0, 0, 0, 0, 0, 0, 0, 0, 0, 0, 0, 0, 0, 0, 0, 0, 0, 0, 0, 0, 0, 0, 0, 0, 0, 0],
  [0, 0, 0, 0, 0, 0, 0, 0, 0, 0, 0, 0, 0, 0, 0, 0, 0, 0, 0, 0, 0, 0, 0, 0, 0, 0, 0, 0, 0, 0],
  [0, 0, 0, 0, 0, 0, 0, 0, 0, 0, 0, 0, 0, 0, 0, 0, 0, 0, 0, 0, 0, 0, 0, 0, 0, 0, 0, 0, 0, 0],
  [0, 0, 0, 0, 0, 0, 0, 0, 0, 0, 0, 0, 0, 0, 0, 0, 0, 0, 0, 0, 0, 0, 0, 0, 0, 0, 0, 0, 0, 0],
  [0, 0, 0, 0, 0, 0, 0, 0, 0, 0, 0, 0, 0, 0, 0, 0, 0, 0, 0, 0, 0, 0, 0, 0, 0, 0, 0, 0, 0, 0],
  [0, 0, 0, 0, 0, 0, 0, 0, 0, 0, 0, 0, 0, 0, 0, 0, 0, 0, 0, 0, 0, 0, 0, 0, 0, 0, 0, 0, 0, 0],
  [0, 0, 0, 0, 0, 0, 0, 0, 0, 0, 0, 0, 0, 0, 0, 0, 0, 0, 0, 0, 0, 0, 0, 0, 0, 0, 0, 0, 0, 0],
  [0, 0, 0, 0, 0, 0, 0, 0, 0, 0, 0, 0, 0, 0, 0, 0, 0, 0, 0, 0, 0, 0, 0, 0, 0, 0, 0, 0, 0, 0],
  [0, 0, 0, 0, 0, 0, 0, 0, 0, 0, 0, 0, 0, 0, 0, 0, 0, 0, 0, 0, 0, 0, 0, 0, 0, 0, 0, 0, 0, 0],
  [0, 0, 0, 0, 0, 0, 0, 0, 0, 0, 0, 0, 0, 0, 0, 0, 0, 0, 0, 0, 0, 0, 0, 0, 0, 0, 0, 0, 0, 0],
  [0, 0, 0, 0, 0, 0, 0, 0, 0, 0, 0, 0, 0, 0, 0, 0, 0, 0, 0, 0, 0, 0, 0, 0, 0, 0, 0, 0, 0, 0],
  [0, 0, 0, 0, 0, 0, 0, 0, 0, 0, 0, 0, 0, 0, 0, 0, 0, 0, 0, 0, 0, 0, 0, 0, 0, 0, 0, 0, 0, 0],
  [0, 0, 0, 0, 0, 0, 0, 0, 0, 0, 0, 0, 0, 0, 0, 0, 0, 0, 0, 0, 0, 0, 0, 0, 0, 0, 0, 0, 0, 0]
]
]
;
const filled = [];
function array_cpy(xs) {
    let res = [];
    let len = array_length(xs);
    for (let i = 0; i < len; i = i + 1) {
        res[i] = [];
        for (let j = 0; j < len; j = j + 1) {
            res[i][j] = xs[i][j];
        }
    }
    return res;
}
let mp = [];
let obj = [];

let cnt = 0;
// let ud1 = [];


// let portal_cnt = [0,0,0,0,0,0,0,0,0,0];
// update_scale(bg, [4,4]);

let k = 1;

let x = 0;
let y = 0;

let to_be_init = true;
let now_level = -1;

const levels = array_length(mp_all);
for (let _ = 0; _ < levels; _ = _ + 1) {
    debug_log(_);
    mapobj[_] = [];
    for (let i = 0; i < grid; i = i + 1) {
        mapobj[_][i] = [];
        for (let j = 0; j < grid; j = j + 1) { 
            mapobj[_][i][j] = undefined;
            if (_ === 0) {
                if (self_obj[i][j] >= 10 && self_obj[i][j] < 20) {
                    mapobj[_][i][j] = update_position(create_sprite("https://raw.githubusercontent.com/1358id/SICP/refs/heads/main/img/portal_20x20.png"), [-2*unit, -2*unit]); 
                    // update_position(mapobj[i][j], [j * unit + unit / 2, i * unit + unit / 2]);*
                    // update_to_top(mapobj[i][j]);   
                    
                }
    			if (self_obj[i][j] === 3) {
    				mapobj[_][i][j] = update_position(create_sprite("https://raw.githubusercontent.com/1358id/SICP/refs/heads/main/img/lr1.png"), [-2*unit, -2*unit]); 
    			}
    			if (self_obj[i][j] === 4) {
    				mapobj[_][i][j] = update_position(create_sprite("https://raw.githubusercontent.com/1358id/SICP/refs/heads/main/img/ud1.png"), [-2*unit, -2*unit]); 
    			}
    			if (self_obj[i][j] === -1) {
    				mapobj[_][i][j] = update_position(create_sprite("https://raw.githubusercontent.com/1358id/SICP/refs/heads/main/img/tgt.png"), [-2*unit, -2*unit]); 
    			}
    			if (self_obj[i][j] === 5) {
    				mapobj[_][i][j] = update_position(create_sprite("https://raw.githubusercontent.com/1358id/SICP/refs/heads/main/img/broke.png"), [-2*unit, -2*unit]); 
    			}
    			if (self_obj[i][j] === 6) {
    				mapobj[_][i][j] = update_position(create_sprite("https://raw.githubusercontent.com/1358id/SICP/refs/heads/main/img/up.png"), [-2*unit, -2*unit]); 
    			}
    			if (self_obj[i][j] === 7) {
    				mapobj[_][i][j] = update_position(create_sprite("https://raw.githubusercontent.com/1358id/SICP/refs/heads/main/img/down.png"), [-2*unit, -2*unit]); 
    			}
    			if (self_obj[i][j] === 8) {
    				mapobj[_][i][j] = update_position(create_sprite("https://raw.githubusercontent.com/1358id/SICP/refs/heads/main/img/left.png"), [-2*unit, -2*unit]); 
    			}
    			if (self_obj[i][j] === 9) {
    				mapobj[_][i][j] = update_position(create_sprite("https://raw.githubusercontent.com/1358id/SICP/refs/heads/main/img/right.png"), [-2*unit, -2*unit]); 
    			}
    			if (self_obj[i][j] === 20) {
    				mapobj[_][i][j] = update_position(create_sprite("https://raw.githubusercontent.com/1358id/SICP/refs/heads/main/img/rotate_cw.png"), [-2*unit, -2*unit]); 
    			}
    			if (self_obj[i][j] === 21) {
    				mapobj[_][i][j] = update_position(create_sprite("https://raw.githubusercontent.com/1358id/SICP/refs/heads/main/img/rotate_acw.png"), [-2*unit, -2*unit]); 
    			}
            }
            else {
                if (obj_all[_][i][j] >= 10 && obj_all[_][i][j] < 20) {
                    mapobj[_][i][j] = update_position(create_sprite("https://raw.githubusercontent.com/1358id/SICP/refs/heads/main/img/portal_20x20.png"), [-2*unit, -2*unit]); 
                    // update_position(mapobj[i][j], [j * unit + unit / 2, i * unit + unit / 2]);*
                    // update_to_top(mapobj[i][j]);   
                    
                }
    			if (obj_all[_][i][j] === 3) {
    				mapobj[_][i][j] = update_position(create_sprite("https://raw.githubusercontent.com/1358id/SICP/refs/heads/main/img/lr1.png"), [-2*unit, -2*unit]); 
    			}
    			if (obj_all[_][i][j] === 4) {
    				mapobj[_][i][j] = update_position(create_sprite("https://raw.githubusercontent.com/1358id/SICP/refs/heads/main/img/ud1.png"), [-2*unit, -2*unit]); 
    			}
    			if (obj_all[_][i][j] === -1) {
    				mapobj[_][i][j] = update_position(create_sprite("https://raw.githubusercontent.com/1358id/SICP/refs/heads/main/img/tgt.png"), [-2*unit, -2*unit]); 
    			}
    			if (obj_all[_][i][j] === 5) {
    				mapobj[_][i][j] = update_position(create_sprite("https://raw.githubusercontent.com/1358id/SICP/refs/heads/main/img/broke.png"), [-2*unit, -2*unit]); 
    			}
    			if (obj_all[_][i][j] === 6) {
    				mapobj[_][i][j] = update_position(create_sprite("https://raw.githubusercontent.com/1358id/SICP/refs/heads/main/img/up.png"), [-2*unit, -2*unit]); 
    			}
    			if (obj_all[_][i][j] === 7) {
    				mapobj[_][i][j] = update_position(create_sprite("https://raw.githubusercontent.com/1358id/SICP/refs/heads/main/img/down.png"), [-2*unit, -2*unit]); 
    			}
    			if (obj_all[_][i][j] === 8) {
    				mapobj[_][i][j] = update_position(create_sprite("https://raw.githubusercontent.com/1358id/SICP/refs/heads/main/img/left.png"), [-2*unit, -2*unit]); 
    			}
    			if (obj_all[_][i][j] === 9) {
    				mapobj[_][i][j] = update_position(create_sprite("https://raw.githubusercontent.com/1358id/SICP/refs/heads/main/img/right.png"), [-2*unit, -2*unit]); 
    			}
    			if (obj_all[_][i][j] === 20) {
    				mapobj[_][i][j] = update_position(create_sprite("https://raw.githubusercontent.com/1358id/SICP/refs/heads/main/img/rotate_cw.png"), [-2*unit, -2*unit]); 
    			}
    			if (obj_all[_][i][j] === 21) {
    				mapobj[_][i][j] = update_position(create_sprite("https://raw.githubusercontent.com/1358id/SICP/refs/heads/main/img/rotate_acw.png"), [-2*unit, -2*unit]); 
    			}
            }
            // map[i][j] = update_color(update_position(create_rectangle(unit, unit), [i * unit+unit/2, j * unit+unit/2]),
            //             [255,255,255,255]); 
            
        }
    }
}

const bg = create_sprite("https://raw.githubusercontent.com/1358id/SICP/refs/heads/main/img/bg.png");
const title = create_text("SliderCraft: Inertia");
const txt = create_text("Start");
const box = create_sprite("https://raw.githubusercontent.com/1358id/SICP/refs/heads/main/img/box1.png");
const intro = create_text("AboutGame");
const intro_bg = create_sprite("https://raw.githubusercontent.com/1358id/SICP/refs/heads/main/img/intro_bg.png");
const back_menu = create_text("Back");
update_scale(bg, [4,4]);

function button(){
    update_position(retry,[size/2+250,size/2-250]);
    update_position(home,[size/2+250,size/2-200]);
    update_position(help,[size/2+250,size/2-150]);
}

function init() {
    if (!to_be_init) {
        return undefined;
    }
    cnt = 0;
    turn_key = false;
    to_be_init = false;
    move_dir = [0,0];
    button();
    // update_position(retry, [100,550]);
    update_position(background,[0,0]);
    update_scale(background,[4,4]);
    mp = array_cpy(mp_all[now_level]);
    obj = array_cpy(obj_all[now_level]);
    for (let i = 0; i < grid; i = i + 1) {
        filled[i] = [];
        for (let j = 0; j < grid; j = j + 1) { 
            filled[i][j] = 0;
            map_craked[i][j] = false;
            if (mapobj[now_level][i][j] !== undefined) {
                update_position(mapobj[now_level][i][j], [j * unit + unit / 2, i * unit + unit / 2]); 
            }
        }
    }
    if (now_level !== 1) {
        for (let i = 0; i < grid; i = i + 1) {
            for (let j = 0; j < grid; j = j + 1) { 
                if (mapobj[now_level - 1][i][j] !== undefined) {
                    update_position(mapobj[now_level - 1][i][j], [-2*unit, -2*unit]); 
                }
            }
        }
    }
}

function portal(_x, _y) {
    const id = obj[_x][_y];
    for (let i = 0; i < grid; i = i + 1) {
         for (let j = 0; j < grid; j = j + 1) {
             if(i !== _x || j !== _y) {
                 if (obj[i][j] === id) {
                     x = i;
                     y = j;
                     return undefined;
                 }
             }
         }
    }
}

function go() {
    if(move_dir[0] === 0 && move_dir[1] === 0) {
        return false;
    }
    let newx = x + move_dir[0];
    let newy = y + move_dir[1];
    if (mp[newx][newy] === 1) {
		move_dir[0] = move_dir[1] = 0;
        return false;
    }
    else if (obj[newx][newy] >= 10 && obj[newx][newy] < 20) {
        // mp[newx][newy] = 3;
        filled[newx][newy] = 1;
        portal(newx, newy);
        return true;
    }
	else if (obj[newx][newy] === 3 && move_dir[1] === 0) {
		return false;
	}
	else if (obj[newx][newy] === 4 && move_dir[0] === 0) {
		return false;
	}
	else if (obj[newx][newy] === 5 && map_craked[newx][newy] === false) {
		move_dir[0] = move_dir[1] = 0;
		map_craked[newx][newy] = true;
		update_position(mapobj[now_level][newx][newy], [-unit, -unit]);
		return false;
	}
    else {
        // mp[x][y] = 3;
        if (mp[x][y] === 0) {
            filled[x][y] = 1;
            // mp[x][y] = 3;
        }
        x = newx;
        y = newy;
        if (mp[x][y] === 0) {
            filled[x][y] = 1;
            // mp[x][y] = 3;
        }
		if (obj[x][y] === -1) {
			turn_key_flg = true;
		}
		if (obj[x][y] === 6) {
			move_dir = [-1, 0];
		}
		if (obj[x][y] === 7) {
			move_dir = [1, 0];
		}
		if (obj[x][y] === 8) {
			move_dir = [0, -1];
		}
		if (obj[x][y] === 9) {
			move_dir = [0, 1];
		}
		if (obj[x][y] === 20) {
			let X = mp[x-1][y];
			mp[x-1][y] = mp[x][y-1];
			mp[x][y-1] = mp[x+1][y];
			mp[x+1][y] = mp[x][y+1];
			mp[x][y+1] = X;
		}
		if (obj[x][y] === 21) {
			let X = mp[x-1][y];
			mp[x-1][y] = mp[x][y+1];
			mp[x][y+1] = mp[x+1][y];
			mp[x+1][y] = mp[x][y-1];
			mp[x][y-1] = X;
		}
        return true;
    }
}
function getxy() {
    for (let i = 0; i < grid; i = i + 1) {
         for (let j = 0; j < grid; j = j + 1) {
             if(obj[i][j] === 2) {
                 obj[i][j] = 0;
                 x = i;
                 y = j;
                //  mp[x][y] = 3;
                 filled[x][y] = 1;
                 return undefined;
             }
         }
    }
}
/*
function upd_map() {
    // for (let i = 0; i < 10; i = i + 1) {
    //     portal_cnt[i] = 0;
    // }
    for (let i = 0; i < grid; i = i + 1) {
         for (let j = 0; j < grid; j = j + 1) {
            //  if (obj[i][j] !== 0) {
            //      debug_log(i*100+j);
            //      debug_log(obj[i][j]);
            //  } 
             if (mp[i][j] === 0) { 
                 update_position(map[i][j], [-2*unit, -2*unit]); 
                 update_position(map_filled[i][j], [-2*unit, -2*unit]); 
             }
             else if (mp[i][j] === 1) {
                //  debug_log(i*100+j);
                 update_position(map[i][j],[j*unit+unit/2, i*unit+unit/2]);
                 update_position(map_filled[i][j], [-2*unit, -2*unit]); 
             }
             else if (mp[i][j] === 3) {
                //  debug_log(i*100+j);
                update_position(map[i][j], [-2*unit, -2*unit]); 
                update_position(map_filled[i][j],[j*unit+unit/2, i*unit+unit/2]);
             }
             if (mapobj[i][j] !== undefined) {
                update_position(mapobj[i][j], [j*unit+unit/2, i*unit+unit/2]);
                update_to_top(mapobj[i][j]);
                //  debug_log(i, j);
                //  const id = obj[i][j] - 10;
                //  update_position(portals[id][portal_cnt[id]], [j*unit+unit/2, i*unit+unit/2]);
                //  update_to_top(portals[id][portal_cnt[id]]);
                //  portal_cnt[id] = portal_cnt[id] + 1;
                //  debug_log(portal_cnt[id]);
                //  update_color(update_position(map[i][j], [j * unit+unit/2, i * unit+unit/2]),
                //     [mp[i][j] * 20, mp[i][j] * 5, mp[i][j] * 20 ,255]);
             }
         }
     }
     update_position(player, [y*unit+unit/2, x*unit+unit/2]);
     update_to_top(player);
}
	 */

function upd_map() {
    for (let i = 0; i < grid; i = i + 1) {
        for (let j = 0; j < grid; j = j + 1) {

            if (mp[i][j] === 0) {
                update_position(map_unfilled[i][j],[-2 * unit, -2 * unit]);
                update_position(map[i][j],       [-2 * unit, -2 * unit]);
                update_position(map_filled[i][j],[-2 * unit, -2 * unit]);
            } else if (mp[i][j] === 1) {
                update_position(map_unfilled[i][j],[-2 * unit, -2 * unit]);
                update_position(map[i][j],       [j * unit + unit / 2, i * unit + unit / 2]);
                update_position(map_filled[i][j],[-2 * unit, -2 * unit]);
                
            } else if (filled[i][j] === 0) {
                update_position(map_unfilled[i][j],[j * unit + unit / 2, i * unit + unit / 2]);
                update_position(map[i][j],       [-2 * unit, -2 * unit]);
                update_position(map_filled[i][j],[-2 * unit, -2 * unit]);
            } else if (filled[i][j] === 1) {
                update_position(map_unfilled[i][j],[-2 * unit, -2 * unit]);
                update_position(map[i][j],       [-2 * unit, -2 * unit]);
                update_position(map_filled[i][j],[j * unit + unit / 2, i * unit + unit / 2]);
            }
            // if (mapobj[i][j] !== undefined) {
            //     update_position(mapobj[i][j], [j * unit + unit / 2, i * unit + unit / 2]);
            //     update_to_top(mapobj[i][j]);      // --------------------------------------------------------
            // }
        }
    }            filled[x][y] = 1;


 

    update_position(player, [y * unit + unit / 2, x * unit + unit / 2]);
    update_to_top(player);                        
}

function check_passed() {
    for (let i = 0; i < grid; i = i + 1) {
        for (let j = 0; j < grid; j = j + 1) {
            if (mp[i][j] === 2 && filled[i][j] === 0) {
                return false;
            }
        }
    }
    return true;
}

function Retry() {
    // -> to become pause
    if (input_left_mouse_down()) {
        const position = query_pointer_position();
        const x = position[0];
        const y = position[1];
        if (x<=size/2+280 && x>=size/2+220 && y<=size/2-220 && y>=size/2-280){
            to_be_init = true;
        }
        
    }
}
function Home(){
    if (input_left_mouse_down()) {
        const position = query_pointer_position();
        const x = position[0];
        const y = position[1];
        // debug_log(x);
        // debug_log(y);
        if (x<=size/2+280 && x>=size/2+220 && y<=size/2-170 && y>=size/2-230){
            now_level = -1;
            to_be_init = true;
        }
        
    }
}

function upd_menu(bg,title,txt,box,intro,intro_bg,back_menu){
    update_position(bg,[size/2,size/2]);
    update_scale(bg,[1/2,2/3]);
    update_position(title,[size/2,size/2-190]);
    update_scale(title,[2,2]);
    update_position(txt,[size/2+60,size/2+20]);
    update_scale(txt,[2,2]);
    update_position(box,[size/2-40,size/2+190]);
    update_scale(box,[3,3]);
    update_position(intro,[size/2-40,size/2+190]);
    update_position(intro_bg,[-2*size,-2*size]);
    update_position(back_menu,[-2*size,-2*size]);
    update_position(home,[-2*size,-2*size]);
}

function click_start(bg,title,txt,box,intro){
    debug_log("####");
    update_position(bg,[-2*size,-2*size]);
    update_position(title,[-2*size,-2*size]);
    update_position(txt,[-2*size,-2*size]);
    update_position(box,[-2*size,-2*size]);
    update_position(intro,[-2*size,-2*size]);
    now_level = 1;
}
function click_intro(intro_bg){
    update_position(intro_bg,[size/2,size/2+20]);
    update_scale(intro_bg,[4,4]);
    update_position(back_menu,[size/2,size/2+150]);
    update_color(back_menu,[0,0,0,255]);
    update_scale(back_menu,[1.5,1.5]);
}

// update_scale(background, [4,4]);
let las = false;
let show_intro = false;
let is_fade = false;
update_loop(game_state => {
    // if (cnt < 10) {
    //     cnt = cnt + 1;
    //     return undefined;
    // }
    debug_log(now_level);
    // const position = query_position(player);
    // const x = position[0];
    // const y = position[1];
    // debug_log(x);
    //     debug_log(y);
    if (now_level===-1){
        update_position(player,[-2*size,2*size]);
        upd_menu(bg,title,txt,box,intro,intro_bg,back_menu);
        cnt = cnt + 1;
        if (cnt >= 10) { 
            is_fade = !is_fade;
            cnt = 0;
        }

        if (is_fade) {
            update_color(txt, [255, 255, 255, 200]);
        } else {
            update_color(txt, [255, 255, 255, 255]); 
        }
    
        if (input_left_mouse_down()){
            const position = query_pointer_position();
            const x = position[0];
            const y = position[1];//size/2+60,size/2+20
            if (x<=size/2+90 && x>=size/2+30 && y<=size/2+50 && y>=size/2-10){
                click_start(bg,title,txt,box,intro);
                
            }
            if (x<=size/2-10 && x >=size/2-70 && y<=size/2+220 && y>=size/2+160){
                show_intro = true;
            }
            if (x<=size/2+30 && x>= size/2-30 && y<=size/2+180 && y>= size/2+120){
                // upd_menu(bg,title,txt,box,intro,intro_bg,back_menu);
                update_position(intro_bg,[-2*size,-2*size]);
                update_position(back_menu,[-2*size,-2*size]);
                show_intro = false;
            }
        }
        if (show_intro===true){
                  click_intro(intro_bg); 
                }
    }
    else if (now_level === levels) {
         update_position(bg,[size/2,size/2]);
    }
    else if (now_level > 0) {
        init();
        debug_log(now_level);
        debug_log(levels);
        debug_log(get_game_time());
        
        getxy();
        // 
        // Background // update_text(score, "Score: " + stringify(snake_length - start_length));
        upd_map();
        Retry();
        Home();
        //  update_position(food, [math_floor(math_random() * dwasasdwawagrid) * unit + unit / 2, math_floor(math_random() * grid) * unit + unit / 2]);
        if (las === false) {
            input();
        }
        debug_log(move_dir);
        if (go()) {
            upd_map();
            //  debug_log(x);
            //  debug_log(y);
            las = true;
        }
        else {
            las = false;
            if (turn_key_flg) {
                turn_key_flg = false;
                turn_key = !turn_key;
            }
        }
        update_position(player, [y * unit + unit / 2, x * unit + unit / 2]);
        update_to_top(player);
    
        if (check_passed()) {
            las = true;
            move_dir = [0, 0];
            update_position(win, [100, 20]);
            cnt = cnt + 1;
            if (cnt === 10) {
                if (now_level < levels) {
                    now_level = now_level + 1;
                }
                cnt = 0;
                update_position(win, [-100, -120]);
                to_be_init = true;
                las = false;
            }
        }
    }
    //  debug_log("work");
    //  k = k + 1;
    //  debug_log(k);
    //  if (k === 10) {
    //      return undefined;
    //  } 
  // update_position(text, [math_floor(math_random() * grid) * unit + unit / 2, math_floor(math_random() * grid) * unit + unit / 2]);
////    update_position(create_text("Hello world!"), [1, 2]);
  // if (!alive) {
  //     update_text(game_text, "Game Over!");
  //     return undefined;
  // }

  // // Move snake
  // for (let i = snake_length - 1; i > 0; i = i - 1) {
  //     update_position(snake[i], query_position(snake[i - 1]));
  // }
  // update_position(snake[0], query_position(snake_head)); // Update head
  // update_position(snake_head, bound_vec(add_vec(query_position(snake_head), move_dir))); // Update head
  // debug_log(query_position(snake[0])); // Head

  // input();

  // // Add food
  // if (eaten) {
  //     update_position(food, [math_floor(math_random() * grid) * unit + unit / 2, math_floor(math_random() * grid) * unit + unit / 2]);
  //     eaten = false;
  // }

  // // Eat food
  // if (get_loop_count() > 1 && gameobjects_overlap(snake_head, food)) {
  //     eaten = true; 
  //     snake_length = snake_length + food_growth;
  //     play_audio(eat);
  // }a
  // debug_log(snake_length); // Score

  // // Check collision
  // if (get_loop_count() > start_length) {
  //     for (let i = 0; i < snake_length; i = i + 1) {
  //         if (gameobjects_overlap(snake_head, snake[i])) {
  //             alive = false;
  //             play_audio(lose);
  //             stop_audio(bg_audio);
  //         }
  //     }
  // }
});
build_game();
